0 1
0 2
0 3
0 53
0 54
0 55
0 56
0 101
0 102
0 103
0 104
0 105
1 0
1 2
1 3
1 4
1 52
1 53
1 54
1 55
1 99
1 100
1 101
1 102
1 103
1 104
2 0
2 1
2 3
2 4
2 5
2 51
2 52
2 53
2 54
2 55
2 56
2 57
2 99
2 100
2 101
2 102
2 103
2 335
2 336
3 0
3 1
3 2
3 4
3 5
3 27
3 50
3 51
3 52
3 53
3 54
3 55
3 56
3 57
3 97
3 98
3 99
3 100
3 101
3 102
3 336
4 1
4 2
4 3
4 5
4 6
4 27
4 28
4 29
4 30
4 49
4 50
4 51
4 52
4 53
4 54
4 97
4 98
4 99
4 100
4 336
4 337
5 2
5 3
5 4
5 6
5 7
5 19
5 22
5 23
5 27
5 29
5 30
5 48
5 49
5 50
5 51
5 52
5 96
5 97
5 98
5 99
5 100
6 4
6 5
6 7
6 8
6 29
6 30
6 31
6 32
6 47
6 48
6 49
6 50
6 51
6 95
6 96
6 97
6 98
7 5
7 6
7 8
7 9
7 15
7 18
7 19
7 32
7 46
7 47
7 48
7 49
7 50
7 95
7 96
7 97
8 6
8 7
8 9
8 10
8 11
8 15
8 18
8 32
8 33
8 34
8 35
8 45
8 46
8 47
8 48
8 49
8 95
9 7
9 8
9 10
9 11
9 12
9 13
9 14
9 15
9 18
9 32
9 34
9 43
9 44
9 45
9 46
9 47
9 48
10 8
10 9
10 11
10 12
10 13
10 14
10 15
10 34
10 35
10 36
10 37
10 38
10 42
10 43
10 44
10 45
10 46
10 47
11 8
11 9
11 10
11 12
11 13
11 14
11 15
11 34
11 38
11 43
11 44
11 45
11 46
12 9
12 10
12 11
12 13
12 14
12 15
12 16
12 17
12 32
12 33
12 34
12 44
12 45
12 46
12 47
12 48
13 9
13 10
13 11
13 12
13 14
13 15
13 16
13 17
13 18
14 9
14 10
14 11
14 12
14 13
14 15
14 16
14 17
14 18
14 19
15 7
15 8
15 9
15 10
15 11
15 12
15 13
15 14
15 16
15 17
15 18
15 19
15 20
15 21
15 29
15 32
15 46
15 47
15 48
16 12
16 13
16 14
16 15
16 17
16 18
16 19
16 20
16 21
16 25
16 27
16 28
16 29
17 12
17 13
17 14
17 15
17 16
17 18
17 19
17 20
17 21
17 22
17 24
17 25
18 7
18 8
18 9
18 13
18 14
18 15
18 16
18 17
18 19
18 20
18 21
18 22
18 23
18 24
19 5
19 7
19 14
19 15
19 16
19 17
19 18
19 20
19 21
19 22
19 23
19 24
19 25
19 26
19 27
19 28
19 29
19 48
19 49
19 50
20 15
20 16
20 17
20 18
20 19
20 21
20 22
20 23
20 24
20 25
20 26
20 27
20 28
20 60
21 15
21 16
21 17
21 18
21 19
21 20
21 22
21 23
21 24
21 25
21 60
21 64
22 5
22 17
22 18
22 19
22 20
22 21
22 23
22 24
22 25
22 27
22 57
22 60
22 61
22 64
23 5
23 18
23 19
23 20
23 21
23 22
23 24
23 25
23 26
23 27
23 28
23 50
23 51
23 52
23 53
23 56
23 57
23 58
23 59
23 60
23 61
24 17
24 18
24 19
24 20
24 21
24 22
24 23
24 25
24 26
24 27
24 28
24 52
24 56
24 57
24 59
24 60
24 61
24 63
25 16
25 17
25 19
25 20
25 21
25 22
25 23
25 24
25 26
25 27
25 28
25 52
25 56
25 57
25 60
26 19
26 20
26 23
26 24
26 25
26 27
26 28
26 29
26 51
26 52
26 53
26 56
26 57
26 60
27 3
27 4
27 5
27 16
27 19
27 20
27 22
27 23
27 24
27 25
27 26
27 28
27 29
27 30
27 50
27 51
27 52
27 53
27 56
27 57
27 60
28 4
28 16
28 19
28 20
28 23
28 24
28 25
28 26
28 27
28 29
28 30
28 31
28 49
28 50
28 51
28 52
28 53
29 4
29 5
29 6
29 15
29 16
29 19
29 26
29 27
29 28
29 30
29 31
29 32
29 48
29 49
29 50
29 51
29 52
30 4
30 5
30 6
30 27
30 28
30 29
30 31
30 32
30 48
30 49
30 50
30 51
30 456
31 6
31 28
31 29
31 30
31 32
31 33
31 34
31 46
31 47
31 48
31 49
31 50
31 51
31 455
31 456
31 457
31 458
32 6
32 7
32 8
32 9
32 12
32 15
32 29
32 30
32 31
32 33
32 34
32 35
32 46
32 47
32 48
32 49
32 50
33 8
33 12
33 31
33 32
33 34
33 35
33 36
33 45
33 46
33 47
33 48
33 49
33 458
34 8
34 9
34 10
34 11
34 12
34 31
34 32
34 33
34 35
34 36
34 37
34 38
34 44
34 45
34 46
34 47
34 48
35 8
35 10
35 32
35 33
35 34
35 36
35 37
35 44
35 45
35 46
35 47
36 10
36 33
36 34
36 35
36 37
36 38
36 39
36 42
36 43
36 44
36 45
36 46
36 47
37 10
37 34
37 35
37 36
37 38
37 39
37 42
37 43
37 44
37 45
37 46
37 483
38 10
38 11
38 34
38 36
38 37
38 39
38 40
38 41
38 42
38 43
38 44
38 45
39 36
39 37
39 38
39 40
39 41
39 42
39 43
39 44
40 38
40 39
40 41
40 42
40 43
41 38
41 39
41 40
41 42
41 43
42 10
42 36
42 37
42 38
42 39
42 40
42 41
42 43
42 44
42 45
43 9
43 10
43 11
43 36
43 37
43 38
43 39
43 40
43 41
43 42
43 44
43 45
43 46
44 9
44 10
44 11
44 12
44 34
44 35
44 36
44 37
44 38
44 39
44 42
44 43
44 45
44 46
45 8
45 9
45 10
45 11
45 12
45 33
45 34
45 35
45 36
45 37
45 38
45 42
45 43
45 44
45 46
45 47
45 48
46 7
46 8
46 9
46 10
46 11
46 12
46 15
46 31
46 32
46 33
46 34
46 35
46 36
46 37
46 43
46 44
46 45
46 47
46 48
47 6
47 7
47 8
47 9
47 10
47 12
47 15
47 31
47 32
47 33
47 34
47 35
47 36
47 45
47 46
47 48
47 49
48 5
48 6
48 7
48 8
48 9
48 12
48 15
48 19
48 29
48 30
48 31
48 32
48 33
48 34
48 45
48 46
48 47
48 49
48 50
49 4
49 5
49 6
49 7
49 8
49 19
49 28
49 29
49 30
49 31
49 32
49 33
49 47
49 48
49 50
49 51
50 3
50 4
50 5
50 6
50 7
50 19
50 23
50 27
50 28
50 29
50 30
50 31
50 32
50 48
50 49
50 51
50 52
51 2
51 3
51 4
51 5
51 6
51 23
51 26
51 27
51 28
51 29
51 30
51 31
51 49
51 50
51 52
51 53
51 54
51 57
51 336
52 1
52 2
52 3
52 4
52 5
52 23
52 24
52 25
52 26
52 27
52 28
52 29
52 50
52 51
52 53
52 54
52 55
52 56
52 57
52 58
53 0
53 1
53 2
53 3
53 4
53 23
53 26
53 27
53 28
53 51
53 52
53 54
53 55
53 56
53 57
53 58
53 101
54 0
54 1
54 2
54 3
54 4
54 51
54 52
54 53
54 55
54 56
54 57
54 58
54 59
54 60
54 68
54 99
54 100
54 101
54 102
54 103
55 0
55 1
55 2
55 3
55 52
55 53
55 54
55 56
55 57
55 58
55 59
55 60
55 61
56 0
56 2
56 3
56 23
56 24
56 25
56 26
56 27
56 52
56 53
56 54
56 55
56 57
56 58
56 59
56 60
56 61
56 62
57 2
57 3
57 22
57 23
57 24
57 25
57 26
57 27
57 51
57 52
57 53
57 54
57 55
57 56
57 58
57 59
57 60
57 61
57 62
57 63
57 67
57 68
58 23
58 52
58 53
58 54
58 55
58 56
58 57
58 59
58 60
58 61
58 62
58 63
58 64
58 66
58 67
58 68
59 23
59 24
59 54
59 55
59 56
59 57
59 58
59 60
59 61
59 62
59 63
59 64
59 66
59 67
60 20
60 21
60 22
60 23
60 24
60 25
60 26
60 27
60 54
60 55
60 56
60 57
60 58
60 59
60 61
60 62
60 63
60 64
60 65
60 66
60 67
61 22
61 23
61 24
61 55
61 56
61 57
61 58
61 59
61 60
61 62
61 63
61 64
61 65
61 66
61 67
61 68
62 56
62 57
62 58
62 59
62 60
62 61
62 63
62 64
62 65
62 66
62 67
62 68
63 24
63 57
63 58
63 59
63 60
63 61
63 62
63 64
63 65
63 66
63 67
64 21
64 22
64 58
64 59
64 60
64 61
64 62
64 63
64 65
64 66
64 67
65 60
65 61
65 62
65 63
65 64
65 66
65 67
66 58
66 59
66 60
66 61
66 62
66 63
66 64
66 65
66 67
66 68
66 69
67 57
67 58
67 59
67 60
67 61
67 62
67 63
67 64
67 65
67 66
67 68
67 69
67 70
68 54
68 57
68 58
68 61
68 62
68 66
68 67
68 69
68 70
68 71
68 97
68 99
69 66
69 67
69 68
69 70
69 71
69 72
69 96
69 97
69 98
69 99
70 67
70 68
70 69
70 71
70 72
70 73
70 97
70 98
70 99
71 68
71 69
71 70
71 72
71 73
71 74
71 97
71 98
71 99
71 100
71 101
72 69
72 70
72 71
72 73
72 74
72 75
72 98
72 99
72 100
73 70
73 71
73 72
73 74
73 75
73 76
74 71
74 72
74 73
74 75
74 76
74 77
75 72
75 73
75 74
75 76
75 77
75 78
76 73
76 74
76 75
76 77
76 78
77 74
77 75
77 76
77 78
77 79
77 80
78 75
78 76
78 77
78 79
78 80
79 77
79 78
79 80
79 81
80 77
80 78
80 79
80 81
80 82
81 79
81 80
81 82
81 83
82 80
82 81
82 83
82 84
83 81
83 82
83 84
83 85
84 82
84 83
84 85
84 86
85 83
85 84
85 86
85 87
86 84
86 85
86 87
86 88
87 85
87 86
87 88
87 89
88 86
88 87
88 89
88 90
89 87
89 88
89 90
89 91
90 88
90 89
90 91
90 92
91 89
91 90
91 92
91 93
91 94
92 90
92 91
92 93
92 94
92 95
93 91
93 92
93 94
93 95
93 96
94 91
94 92
94 93
94 95
94 96
94 97
95 6
95 7
95 8
95 92
95 93
95 94
95 96
95 97
95 98
96 5
96 6
96 7
96 69
96 93
96 94
96 95
96 97
96 98
96 99
97 3
97 4
97 5
97 6
97 7
97 68
97 69
97 70
97 71
97 94
97 95
97 96
97 98
97 99
98 3
98 4
98 5
98 6
98 69
98 70
98 71
98 72
98 95
98 96
98 97
98 99
98 100
99 1
99 2
99 3
99 4
99 5
99 54
99 68
99 69
99 70
99 71
99 72
99 96
99 97
99 98
99 100
99 101
100 1
100 2
100 3
100 4
100 5
100 54
100 71
100 72
100 98
100 99
100 101
100 102
101 0
101 1
101 2
101 3
101 53
101 54
101 71
101 99
101 100
101 102
101 103
101 104
102 0
102 1
102 2
102 3
102 54
102 100
102 101
102 103
102 104
102 105
103 0
103 1
103 2
103 54
103 101
103 102
103 104
103 105
103 106
104 0
104 1
104 101
104 102
104 103
104 105
104 106
105 0
105 102
105 103
105 104
105 106
105 107
106 103
106 104
106 105
106 107
106 108
107 105
107 106
107 108
107 109
108 106
108 107
108 109
108 110
109 107
109 108
109 110
109 111
110 108
110 109
110 111
110 112
111 109
111 110
111 112
111 113
112 110
112 111
112 113
112 114
113 111
113 112
113 114
113 115
114 112
114 113
114 115
114 116
115 113
115 114
115 116
115 117
116 114
116 115
116 117
116 118
117 115
117 116
117 118
117 119
118 116
118 117
118 119
118 120
119 117
119 118
119 120
119 121
120 118
120 119
120 121
120 122
120 123
121 119
121 120
121 122
121 123
122 120
122 121
122 123
122 124
122 125
123 120
123 121
123 122
123 124
123 125
123 126
124 122
124 123
124 125
124 126
124 127
125 122
125 123
125 124
125 126
125 127
125 128
126 123
126 124
126 125
126 127
126 128
126 129
127 124
127 125
127 126
127 128
127 129
128 125
128 126
128 127
128 129
128 130
128 131
129 126
129 127
129 128
129 130
129 131
129 132
130 128
130 129
130 131
130 132
131 128
131 129
131 130
131 132
131 133
132 129
132 130
132 131
132 133
132 134
133 131
133 132
133 134
133 135
133 136
134 132
134 133
134 135
134 136
135 133
135 134
135 136
135 137
136 133
136 134
136 135
136 137
136 138
137 135
137 136
137 138
137 139
137 140
138 136
138 137
138 139
138 140
138 141
138 144
139 137
139 138
139 140
139 141
139 142
139 144
140 137
140 138
140 139
140 141
140 142
140 143
140 144
140 145
141 138
141 139
141 140
141 142
141 143
141 144
141 145
141 146
142 139
142 140
142 141
142 143
142 144
142 145
142 146
142 147
143 140
143 141
143 142
143 144
143 145
143 146
143 147
143 148
143 149
144 138
144 139
144 140
144 141
144 142
144 143
144 145
144 146
144 147
144 148
144 149
144 150
145 140
145 141
145 142
145 143
145 144
145 146
145 147
145 148
145 149
145 150
145 151
146 141
146 142
146 143
146 144
146 145
146 147
146 148
146 149
146 150
146 151
146 152
147 142
147 143
147 144
147 145
147 146
147 148
147 149
147 150
147 151
147 152
147 153
148 143
148 144
148 145
148 146
148 147
148 149
148 150
148 151
148 152
148 153
148 154
149 143
149 144
149 145
149 146
149 147
149 148
149 150
149 151
149 152
149 153
149 154
150 144
150 145
150 146
150 147
150 148
150 149
150 151
150 152
150 153
150 154
150 155
150 156
151 145
151 146
151 147
151 148
151 149
151 150
151 152
151 153
151 154
151 155
151 156
151 157
152 146
152 147
152 148
152 149
152 150
152 151
152 153
152 154
152 155
152 156
152 157
153 147
153 148
153 149
153 150
153 151
153 152
153 154
153 155
153 156
153 157
153 158
154 148
154 149
154 150
154 151
154 152
154 153
154 155
154 156
154 157
154 158
154 159
155 150
155 151
155 152
155 153
155 154
155 156
155 157
155 158
155 159
155 160
156 150
156 151
156 152
156 153
156 154
156 155
156 157
156 158
156 159
156 160
157 151
157 152
157 153
157 154
157 155
157 156
157 158
157 159
157 160
157 161
157 162
158 153
158 154
158 155
158 156
158 157
158 159
158 160
158 161
158 162
159 154
159 155
159 156
159 157
159 158
159 160
159 161
159 162
160 155
160 156
160 157
160 158
160 159
160 161
160 162
160 163
161 157
161 158
161 159
161 160
161 162
161 163
162 157
162 158
162 159
162 160
162 161
162 163
162 164
163 160
163 161
163 162
163 164
163 165
164 162
164 163
164 165
164 166
164 167
165 163
165 164
165 166
165 167
166 164
166 165
166 167
166 168
166 169
167 164
167 165
167 166
167 168
167 169
167 170
168 166
168 167
168 169
168 170
168 171
169 166
169 167
169 168
169 170
169 171
169 172
169 173
169 174
170 167
170 168
170 169
170 171
170 172
170 173
170 174
170 175
171 168
171 169
171 170
171 172
171 173
171 174
171 175
171 176
172 169
172 170
172 171
172 173
172 174
172 175
172 176
172 177
173 169
173 170
173 171
173 172
173 174
173 175
173 176
173 177
173 178
173 179
174 169
174 170
174 171
174 172
174 173
174 175
174 176
174 177
174 178
174 179
174 180
175 170
175 171
175 172
175 173
175 174
175 176
175 177
175 178
175 179
175 180
175 181
176 171
176 172
176 173
176 174
176 175
176 177
176 178
176 179
176 180
176 181
176 182
177 172
177 173
177 174
177 175
177 176
177 178
177 179
177 180
177 181
177 182
177 183
178 173
178 174
178 175
178 176
178 177
178 179
178 180
178 181
178 182
178 183
178 184
179 173
179 174
179 175
179 176
179 177
179 178
179 180
179 181
179 182
179 183
179 184
179 185
180 174
180 175
180 176
180 177
180 178
180 179
180 181
180 182
180 183
180 184
180 185
180 186
181 175
181 176
181 177
181 178
181 179
181 180
181 182
181 183
181 184
181 185
181 186
181 187
182 176
182 177
182 178
182 179
182 180
182 181
182 183
182 184
182 185
182 186
182 187
182 188
183 177
183 178
183 179
183 180
183 181
183 182
183 184
183 185
183 186
183 187
183 188
183 189
184 178
184 179
184 180
184 181
184 182
184 183
184 185
184 186
184 187
184 188
184 189
184 190
185 179
185 180
185 181
185 182
185 183
185 184
185 186
185 187
185 188
185 189
185 190
185 191
186 180
186 181
186 182
186 183
186 184
186 185
186 187
186 188
186 189
186 190
186 191
186 192
187 181
187 182
187 183
187 184
187 185
187 186
187 188
187 189
187 190
187 191
187 192
187 193
188 182
188 183
188 184
188 185
188 186
188 187
188 189
188 190
188 191
188 192
188 193
188 194
189 183
189 184
189 185
189 186
189 187
189 188
189 190
189 191
189 192
189 193
189 194
189 195
190 184
190 185
190 186
190 187
190 188
190 189
190 191
190 192
190 193
190 194
190 195
190 196
191 185
191 186
191 187
191 188
191 189
191 190
191 192
191 193
191 194
191 195
191 196
191 197
192 186
192 187
192 188
192 189
192 190
192 191
192 193
192 194
192 195
192 196
192 197
192 198
193 187
193 188
193 189
193 190
193 191
193 192
193 194
193 195
193 196
193 197
193 198
193 199
193 218
193 255
194 188
194 189
194 190
194 191
194 192
194 193
194 195
194 196
194 197
194 198
194 199
194 200
195 189
195 190
195 191
195 192
195 193
195 194
195 196
195 197
195 198
195 199
195 200
195 201
196 190
196 191
196 192
196 193
196 194
196 195
196 197
196 198
196 199
196 200
196 201
196 202
196 217
196 218
196 220
196 221
197 191
197 192
197 193
197 194
197 195
197 196
197 198
197 199
197 200
197 201
197 202
197 203
197 217
197 218
197 219
197 220
197 221
197 255
198 192
198 193
198 194
198 195
198 196
198 197
198 199
198 200
198 201
198 202
198 203
198 204
198 217
199 193
199 194
199 195
199 196
199 197
199 198
199 200
199 201
199 202
199 203
199 204
199 217
199 220
199 221
200 194
200 195
200 196
200 197
200 198
200 199
200 201
200 202
200 203
200 204
200 205
200 216
200 217
200 218
200 219
200 220
200 221
200 224
201 195
201 196
201 197
201 198
201 199
201 200
201 202
201 203
201 204
201 205
201 206
201 216
201 217
201 218
201 220
202 196
202 197
202 198
202 199
202 200
202 201
202 203
202 204
202 205
202 206
202 207
203 197
203 198
203 199
203 200
203 201
203 202
203 204
203 205
203 206
203 207
203 217
203 220
203 224
204 198
204 199
204 200
204 201
204 202
204 203
204 205
204 206
204 207
204 208
204 210
204 214
204 215
204 216
204 217
204 220
205 200
205 201
205 202
205 203
205 204
205 206
205 207
205 208
205 209
206 201
206 202
206 203
206 204
206 205
206 207
206 208
206 209
206 210
207 202
207 203
207 204
207 205
207 206
207 208
207 209
207 210
207 211
207 212
207 213
207 214
207 215
208 204
208 205
208 206
208 207
208 209
208 210
208 211
209 205
209 206
209 207
209 208
209 210
209 211
209 212
210 204
210 206
210 207
210 208
210 209
210 211
210 212
210 213
210 214
210 215
210 237
211 207
211 208
211 209
211 210
211 212
211 213
211 214
212 207
212 209
212 210
212 211
212 213
212 214
212 215
212 237
213 207
213 210
213 211
213 212
213 214
213 215
213 216
213 237
213 238
213 240
213 241
214 204
214 207
214 210
214 211
214 212
214 213
214 215
214 216
214 217
214 240
214 241
214 244
215 204
215 207
215 210
215 212
215 213
215 214
215 216
215 217
215 218
215 219
215 220
215 223
215 237
215 240
215 241
215 244
216 200
216 201
216 204
216 213
216 214
216 215
216 217
216 218
216 219
216 220
216 244
216 252
216 253
217 196
217 197
217 198
217 199
217 200
217 201
217 203
217 204
217 214
217 215
217 216
217 218
217 219
217 220
217 221
217 222
217 223
217 252
217 253
217 255
218 193
218 196
218 197
218 200
218 201
218 215
218 216
218 217
218 219
218 220
218 221
218 222
218 223
218 251
218 252
218 253
218 254
218 255
218 256
218 257
218 258
218 259
219 197
219 200
219 215
219 216
219 217
219 218
219 220
219 221
219 222
219 223
219 224
219 240
219 243
219 244
219 252
219 253
219 254
219 255
219 256
219 257
219 258
219 259
219 262
220 196
220 197
220 199
220 200
220 201
220 203
220 204
220 215
220 216
220 217
220 218
220 219
220 221
220 222
220 223
220 224
220 225
220 226
220 255
220 258
221 196
221 197
221 199
221 200
221 217
221 218
221 219
221 220
221 222
221 223
221 224
221 225
221 226
221 227
221 255
221 258
221 259
222 217
222 218
222 219
222 220
222 221
222 223
222 224
222 225
222 226
222 227
222 228
222 240
222 255
222 256
222 258
222 259
222 262
222 263
222 473
223 215
223 217
223 218
223 219
223 220
223 221
223 222
223 224
223 225
223 226
223 227
223 228
223 229
223 236
223 237
223 239
223 240
223 259
223 262
223 473
224 200
224 203
224 219
224 220
224 221
224 222
224 223
224 225
224 226
224 227
224 228
224 229
224 473
225 220
225 221
225 222
225 223
225 224
225 226
225 227
225 228
225 229
225 230
225 231
225 472
225 473
225 474
225 475
226 220
226 221
226 222
226 223
226 224
226 225
226 227
226 228
226 229
226 230
226 231
226 232
226 233
226 236
226 240
226 262
226 432
226 433
226 434
226 469
226 472
226 473
226 474
227 221
227 222
227 223
227 224
227 225
227 226
227 228
227 229
227 230
227 231
227 232
227 233
227 236
227 237
227 432
227 434
227 472
227 473
228 222
228 223
228 224
228 225
228 226
228 227
228 229
228 230
228 231
228 431
228 432
228 433
228 434
228 472
228 473
228 474
228 475
229 223
229 224
229 225
229 226
229 227
229 228
229 230
229 231
229 232
229 431
229 432
229 433
229 434
229 435
229 436
229 437
229 471
229 472
229 473
229 474
229 475
230 225
230 226
230 227
230 228
230 229
230 231
230 232
230 233
230 236
230 403
230 404
230 431
230 432
230 433
230 434
230 435
230 436
230 437
230 438
230 472
231 225
231 226
231 227
231 228
231 229
231 230
231 232
231 233
231 234
231 235
231 236
231 237
231 404
231 432
231 433
231 434
231 435
231 436
231 437
231 438
231 439
231 472
232 226
232 227
232 229
232 230
232 231
232 233
232 234
232 235
232 236
232 237
232 404
232 434
232 435
232 437
232 438
232 439
233 226
233 227
233 230
233 231
233 232
233 234
233 235
233 236
233 237
233 238
233 239
233 438
234 231
234 232
234 233
234 235
234 236
234 237
234 238
234 239
234 240
234 438
235 231
235 232
235 233
235 234
235 236
235 237
235 238
235 239
235 240
235 241
235 434
235 437
235 438
235 441
235 442
236 223
236 226
236 227
236 230
236 231
236 232
236 233
236 234
236 235
236 237
236 238
236 239
236 240
236 241
236 242
236 434
236 438
237 210
237 212
237 213
237 215
237 223
237 227
237 231
237 232
237 233
237 234
237 235
237 236
237 238
237 239
237 240
237 241
237 242
237 243
238 213
238 233
238 234
238 235
238 236
238 237
238 239
238 240
238 241
238 242
238 243
239 223
239 233
239 234
239 235
239 236
239 237
239 238
239 240
239 241
239 242
239 243
239 244
239 245
239 262
239 265
239 266
239 269
240 213
240 214
240 215
240 219
240 222
240 223
240 226
240 234
240 235
240 236
240 237
240 238
240 239
240 241
240 242
240 243
240 244
240 245
240 246
240 262
240 265
241 213
241 214
241 215
241 235
241 236
241 237
241 238
241 239
241 240
241 242
241 243
241 244
241 245
241 246
241 247
242 236
242 237
242 238
242 239
242 240
242 241
242 243
242 244
242 245
242 246
242 247
242 262
242 265
243 219
243 237
243 238
243 239
243 240
243 241
243 242
243 244
243 245
243 246
243 247
243 248
243 252
243 258
243 261
243 262
243 265
243 266
244 214
244 215
244 216
244 219
244 239
244 240
244 241
244 242
244 243
244 245
244 246
244 247
244 248
244 249
244 252
244 258
244 262
245 239
245 240
245 241
245 242
245 243
245 244
245 246
245 247
245 248
245 249
246 240
246 241
246 242
246 243
246 244
246 245
246 247
246 248
246 249
246 261
247 241
247 242
247 243
247 244
247 245
247 246
247 248
247 249
247 250
247 251
247 252
247 257
247 258
247 261
247 262
248 243
248 244
248 245
248 246
248 247
248 249
248 250
248 251
248 252
248 253
248 257
248 258
248 261
249 244
249 245
249 246
249 247
249 248
249 250
249 251
249 252
249 253
250 247
250 248
250 249
250 251
250 252
250 253
250 254
250 257
251 218
251 247
251 248
251 249
251 250
251 252
251 253
251 254
251 255
251 256
251 257
251 258
251 261
252 216
252 217
252 218
252 219
252 243
252 244
252 247
252 248
252 249
252 250
252 251
252 253
252 254
252 255
252 256
252 257
252 258
252 261
253 216
253 217
253 218
253 219
253 248
253 249
253 250
253 251
253 252
253 254
253 255
253 256
253 257
253 258
254 218
254 219
254 250
254 251
254 252
254 253
254 255
254 256
254 257
254 258
254 259
255 193
255 197
255 217
255 218
255 219
255 220
255 221
255 222
255 251
255 252
255 253
255 254
255 256
255 257
255 258
255 259
255 260
255 261
256 218
256 219
256 222
256 251
256 252
256 253
256 254
256 255
256 257
256 258
256 259
256 260
256 261
256 262
257 218
257 219
257 247
257 248
257 250
257 251
257 252
257 253
257 254
257 255
257 256
257 258
257 259
257 260
257 261
257 262
257 263
258 218
258 219
258 220
258 221
258 222
258 243
258 244
258 247
258 248
258 251
258 252
258 253
258 254
258 255
258 256
258 257
258 259
258 260
258 261
258 262
258 263
258 264
259 218
259 219
259 221
259 222
259 223
259 254
259 255
259 256
259 257
259 258
259 260
259 261
259 262
259 263
259 264
259 265
259 473
260 255
260 256
260 257
260 258
260 259
260 261
260 262
260 263
260 264
260 265
261 243
261 246
261 247
261 248
261 251
261 252
261 255
261 256
261 257
261 258
261 259
261 260
261 262
261 263
261 264
261 265
261 266
261 267
262 219
262 222
262 223
262 226
262 239
262 240
262 242
262 243
262 244
262 247
262 256
262 257
262 258
262 259
262 260
262 261
262 263
262 264
262 265
262 266
262 267
262 268
262 469
263 222
263 257
263 258
263 259
263 260
263 261
263 262
263 264
263 265
263 266
263 267
263 268
263 465
263 466
263 469
263 470
263 472
263 473
264 258
264 259
264 260
264 261
264 262
264 263
264 265
264 266
264 267
264 268
264 269
264 465
264 466
264 469
265 239
265 240
265 242
265 243
265 259
265 260
265 261
265 262
265 263
265 264
265 266
265 267
265 268
265 269
265 270
265 469
266 239
266 243
266 261
266 262
266 263
266 264
266 265
266 267
266 268
266 269
266 270
266 437
266 441
266 465
266 466
266 468
266 469
266 470
266 472
267 261
267 262
267 263
267 264
267 265
267 266
267 268
267 269
267 270
267 271
267 272
267 464
267 465
267 466
267 467
267 468
267 469
267 470
268 262
268 263
268 264
268 265
268 266
268 267
268 269
268 270
268 271
268 272
268 465
268 466
269 239
269 264
269 265
269 266
269 267
269 268
269 270
269 271
269 272
269 437
269 440
269 441
269 444
269 465
270 265
270 266
270 267
270 268
270 269
270 271
270 272
270 437
270 438
270 440
270 441
270 444
270 445
270 446
270 447
270 464
270 465
270 466
270 468
270 469
271 267
271 268
271 269
271 270
271 272
271 273
271 274
271 421
271 440
271 441
271 444
271 445
271 446
271 447
271 448
271 463
271 464
271 465
272 267
272 268
272 269
272 270
272 271
272 273
272 274
272 275
272 421
272 422
272 440
272 444
272 445
272 446
272 447
272 448
272 449
272 462
272 463
272 464
272 465
272 466
273 271
273 272
273 274
273 275
273 276
273 420
273 421
273 422
273 445
273 446
273 447
273 448
273 449
273 462
273 463
273 464
273 465
274 271
274 272
274 273
274 275
274 276
274 277
274 446
274 447
274 448
274 449
274 462
274 463
274 464
275 272
275 273
275 274
275 276
275 277
275 278
275 448
275 449
275 462
275 463
276 273
276 274
276 275
276 277
276 278
276 279
277 274
277 275
277 276
277 278
277 279
277 280
277 310
278 275
278 276
278 277
278 279
278 280
278 281
278 282
278 310
278 312
278 361
278 362
279 276
279 277
279 278
279 280
279 281
279 282
279 361
280 277
280 278
280 279
280 281
280 282
280 283
280 361
280 362
281 278
281 279
281 280
281 282
281 283
281 284
281 312
281 313
281 314
281 354
281 357
281 358
281 359
281 360
281 361
281 362
281 363
281 390
281 391
281 392
282 278
282 279
282 280
282 281
282 283
282 284
282 285
282 314
282 360
282 361
282 362
282 363
282 364
282 390
282 391
282 392
282 393
283 280
283 281
283 282
283 284
283 285
283 314
283 315
283 316
283 317
283 354
283 360
283 361
283 362
283 363
283 364
283 365
283 390
283 391
283 392
283 393
283 394
284 281
284 282
284 283
284 285
284 286
284 287
284 298
284 301
284 316
284 317
284 362
284 363
284 364
284 365
284 366
284 391
284 392
284 393
284 394
284 395
284 420
285 282
285 283
285 284
285 286
285 287
285 294
285 298
285 317
285 318
285 319
285 363
285 364
285 365
285 366
285 367
285 381
285 385
285 392
285 393
285 394
285 395
285 396
285 397
285 419
285 420
286 284
286 285
286 287
286 288
286 293
286 294
286 295
286 297
286 298
286 364
286 365
286 366
286 367
286 368
286 369
286 393
286 394
286 395
286 396
286 397
286 419
286 421
286 422
286 423
287 284
287 285
287 286
287 288
287 289
287 290
287 292
287 294
287 365
287 366
287 367
287 368
287 369
287 370
287 378
287 381
287 394
287 395
287 396
287 397
287 398
287 414
287 417
287 419
287 422
287 423
288 286
288 287
288 289
288 290
288 291
288 292
288 293
288 294
288 367
288 368
288 369
288 370
288 371
288 372
288 378
288 395
288 396
288 397
288 398
288 399
288 410
288 411
288 413
288 414
288 422
288 423
289 287
289 288
289 290
289 291
289 292
289 293
289 294
289 367
289 368
289 369
289 370
289 371
289 372
289 373
289 374
289 396
289 397
289 398
289 399
289 410
289 414
290 287
290 288
290 289
290 291
290 292
290 293
290 294
290 368
290 369
290 370
290 371
290 372
290 397
290 398
291 288
291 289
291 290
291 292
291 293
291 294
291 295
291 296
291 369
291 370
291 371
291 398
291 399
292 287
292 288
292 289
292 290
292 291
292 293
292 294
292 295
292 296
292 297
292 369
292 397
292 398
292 399
292 400
292 401
292 402
292 423
292 424
292 425
292 426
293 286
293 288
293 289
293 290
293 291
293 292
293 294
293 295
293 296
293 297
293 298
293 369
293 397
293 398
293 399
293 423
293 424
293 425
293 426
293 451
293 454
294 285
294 286
294 287
294 288
294 289
294 290
294 291
294 292
294 293
294 295
294 296
294 297
294 298
294 299
294 300
294 326
294 365
294 366
294 367
294 368
294 369
294 395
294 396
294 397
294 398
294 423
294 425
295 286
295 291
295 292
295 293
295 294
295 296
295 297
295 298
295 299
295 300
295 301
295 318
295 320
295 326
295 327
295 329
295 330
295 333
295 365
295 366
295 367
295 368
295 369
296 291
296 292
296 293
296 294
296 295
296 297
296 298
296 299
296 300
296 301
296 302
296 326
296 329
296 330
296 333
296 366
296 425
296 451
296 454
296 455
296 456
296 457
297 286
297 292
297 293
297 294
297 295
297 296
297 298
297 299
297 300
297 301
297 302
297 303
297 366
297 397
297 423
297 424
297 425
297 449
297 450
297 451
297 453
297 454
297 455
297 456
297 457
297 459
297 460
298 284
298 285
298 286
298 293
298 294
298 295
298 296
298 297
298 299
298 300
298 301
298 302
298 303
298 304
298 316
298 330
298 333
298 364
298 365
298 366
298 367
298 456
298 457
299 294
299 295
299 296
299 297
299 298
299 300
299 301
299 302
299 303
299 304
299 316
299 329
299 330
299 331
299 332
299 333
299 334
299 337
299 364
299 366
299 456
299 457
300 294
300 295
300 296
300 297
300 298
300 299
300 301
300 302
300 303
300 304
300 305
300 306
300 333
300 451
300 454
300 455
300 456
300 457
300 458
300 459
300 460
300 461
301 284
301 295
301 296
301 297
301 298
301 299
301 300
301 302
301 303
301 304
301 305
301 306
301 307
301 308
301 314
301 362
301 364
301 449
301 451
301 456
301 457
301 460
301 461
302 296
302 297
302 298
302 299
302 300
302 301
302 303
302 304
302 305
302 306
302 307
302 308
302 312
302 313
302 314
302 315
302 316
302 333
302 334
302 337
302 339
302 362
302 363
302 364
302 457
303 297
303 298
303 299
303 300
303 301
303 302
303 304
303 305
303 306
303 307
303 308
303 311
303 312
303 314
303 333
303 334
303 336
303 337
303 339
303 456
303 457
303 458
303 460
304 298
304 299
304 300
304 301
304 302
304 303
304 305
304 306
304 307
304 308
304 309
304 310
304 311
304 312
304 314
304 456
304 457
304 458
304 460
304 461
305 300
305 301
305 302
305 303
305 304
305 306
305 307
305 308
305 309
305 310
305 311
305 312
305 313
305 314
305 315
305 361
305 362
305 363
305 364
306 300
306 301
306 302
306 303
306 304
306 305
306 307
306 308
306 309
306 310
306 311
306 312
306 313
306 314
306 315
306 337
306 338
306 339
306 361
306 362
307 301
307 302
307 303
307 304
307 305
307 306
307 308
307 309
307 310
307 311
307 312
307 313
307 314
307 337
307 457
308 301
308 302
308 303
308 304
308 305
308 306
308 307
308 309
308 310
308 311
308 312
309 304
309 305
309 306
309 307
309 308
309 310
309 311
309 312
310 277
310 278
310 304
310 305
310 306
310 307
310 308
310 309
310 311
310 312
311 303
311 304
311 305
311 306
311 307
311 308
311 309
311 310
311 312
311 313
311 314
311 361
312 278
312 281
312 302
312 303
312 304
312 305
312 306
312 307
312 308
312 309
312 310
312 311
312 313
312 314
312 315
312 360
312 361
312 362
312 363
313 281
313 302
313 305
313 306
313 307
313 311
313 312
313 314
313 315
313 339
313 340
313 357
313 358
313 359
313 360
313 361
313 362
313 363
314 281
314 282
314 283
314 301
314 302
314 303
314 304
314 305
314 306
314 307
314 311
314 312
314 313
314 315
314 316
314 334
314 337
314 338
314 339
314 340
314 341
314 357
314 359
314 360
314 361
314 362
314 363
314 364
315 283
315 302
315 305
315 306
315 312
315 313
315 314
315 316
315 317
315 334
315 338
315 339
315 340
315 341
315 342
315 353
315 354
315 356
315 357
315 358
315 359
315 360
315 361
315 362
315 363
315 364
315 365
316 283
316 284
316 298
316 299
316 302
316 314
316 315
316 317
316 318
316 330
316 331
316 334
316 339
316 340
316 341
316 342
316 343
316 353
316 354
316 357
316 360
316 362
316 363
316 364
316 365
316 366
317 283
317 284
317 285
317 315
317 316
317 318
317 319
317 320
317 330
317 340
317 341
317 342
317 343
317 344
317 350
317 353
317 354
317 357
317 363
317 364
317 365
317 366
317 367
318 285
318 295
318 316
318 317
318 319
318 320
318 321
318 327
318 330
318 331
318 341
318 342
318 343
318 344
318 345
318 350
318 353
318 364
318 365
318 366
318 367
318 368
319 285
319 317
319 318
319 320
319 321
319 322
319 327
319 342
319 343
319 344
319 345
319 346
319 347
319 349
319 350
319 365
319 366
319 367
319 368
319 369
319 381
319 384
320 295
320 317
320 318
320 319
320 321
320 322
320 323
320 324
320 326
320 327
320 343
320 344
320 345
320 365
320 366
320 367
320 368
320 369
321 318
321 319
321 320
321 322
321 323
321 324
321 325
321 326
321 327
321 328
321 343
321 344
321 345
321 367
321 368
322 319
322 320
322 321
322 323
322 324
322 325
322 326
322 327
322 345
322 368
322 369
323 320
323 321
323 322
323 324
323 325
323 326
323 327
323 328
323 368
323 369
324 320
324 321
324 322
324 323
324 325
324 326
324 327
324 328
324 329
325 321
325 322
325 323
325 324
325 326
325 327
325 328
325 329
325 330
325 331
326 294
326 295
326 296
326 320
326 321
326 322
326 323
326 324
326 325
326 327
326 328
326 329
326 330
326 331
326 332
326 368
327 295
327 318
327 319
327 320
327 321
327 322
327 323
327 324
327 325
327 326
327 328
327 329
327 330
327 331
327 332
327 333
327 343
327 366
327 368
328 321
328 323
328 324
328 325
328 326
328 327
328 329
328 330
328 331
328 332
328 333
328 334
329 295
329 296
329 299
329 324
329 325
329 326
329 327
329 328
329 330
329 331
329 332
329 333
329 334
329 335
330 295
330 296
330 298
330 299
330 316
330 317
330 318
330 325
330 326
330 327
330 328
330 329
330 331
330 332
330 333
330 334
330 335
330 336
330 341
330 366
331 299
331 316
331 318
331 325
331 326
331 327
331 328
331 329
331 330
331 332
331 333
331 334
331 335
331 336
331 337
331 339
331 340
331 341
331 342
331 343
332 299
332 326
332 327
332 328
332 329
332 330
332 331
332 333
332 334
332 335
332 336
332 337
332 338
333 295
333 296
333 298
333 299
333 300
333 302
333 303
333 327
333 328
333 329
333 330
333 331
333 332
333 334
333 335
333 336
333 337
333 338
333 339
333 341
333 456
333 457
334 299
334 302
334 303
334 314
334 315
334 316
334 328
334 329
334 330
334 331
334 332
334 333
334 335
334 336
334 337
334 338
334 339
334 340
334 341
335 2
335 329
335 330
335 331
335 332
335 333
335 334
335 336
335 337
335 338
335 339
335 340
335 341
336 2
336 3
336 4
336 51
336 303
336 330
336 331
336 332
336 333
336 334
336 335
336 337
336 338
336 339
337 4
337 299
337 302
337 303
337 306
337 307
337 314
337 331
337 332
337 333
337 334
337 335
337 336
337 338
337 339
337 340
338 306
338 314
338 315
338 332
338 333
338 334
338 335
338 336
338 337
338 339
338 340
338 341
339 302
339 303
339 306
339 313
339 314
339 315
339 316
339 331
339 333
339 334
339 335
339 336
339 337
339 338
339 340
339 341
339 342
339 360
340 313
340 314
340 315
340 316
340 317
340 331
340 334
340 335
340 337
340 338
340 339
340 341
340 342
340 356
340 357
340 360
340 363
341 314
341 315
341 316
341 317
341 318
341 330
341 331
341 333
341 334
341 335
341 338
341 339
341 340
341 342
341 343
341 353
341 357
341 363
341 364
341 365
342 315
342 316
342 317
342 318
342 319
342 331
342 339
342 340
342 341
342 343
342 344
342 349
342 350
342 353
342 354
342 356
342 357
342 365
343 316
343 317
343 318
343 319
343 320
343 321
343 327
343 331
343 341
343 342
343 344
343 345
343 346
343 349
343 350
343 353
343 365
343 366
344 317
344 318
344 319
344 320
344 321
344 342
344 343
344 345
344 346
344 347
344 348
344 349
344 350
344 351
344 352
344 353
344 354
344 365
344 367
344 384
345 318
345 319
345 320
345 321
345 322
345 343
345 344
345 346
345 347
345 348
345 349
345 350
345 384
346 319
346 343
346 344
346 345
346 347
346 348
346 349
346 350
346 380
346 383
346 384
346 387
347 319
347 344
347 345
347 346
347 348
347 349
347 350
347 351
347 352
347 380
347 381
347 382
347 383
347 384
347 385
347 386
347 387
347 388
348 344
348 345
348 346
348 347
348 349
348 350
348 351
348 352
348 353
348 383
348 384
348 386
348 387
348 388
349 319
349 342
349 343
349 344
349 345
349 346
349 347
349 348
349 350
349 351
349 352
349 353
349 354
349 355
349 384
349 387
349 388
350 317
350 318
350 319
350 342
350 343
350 344
350 345
350 346
350 347
350 348
350 349
350 351
350 352
350 353
350 354
350 355
350 356
350 365
350 384
350 385
350 387
350 388
350 389
350 390
351 344
351 347
351 348
351 349
351 350
351 352
351 353
351 354
351 355
351 356
351 357
351 384
351 385
351 387
351 388
351 389
351 390
352 344
352 347
352 348
352 349
352 350
352 351
352 353
352 354
352 355
352 356
352 357
352 358
352 388
353 315
353 316
353 317
353 318
353 341
353 342
353 343
353 344
353 348
353 349
353 350
353 351
353 352
353 354
353 355
353 356
353 357
353 358
353 363
354 281
354 283
354 315
354 316
354 317
354 342
354 344
354 349
354 350
354 351
354 352
354 353
354 355
354 356
354 357
354 358
354 359
354 360
354 363
354 364
354 365
354 388
354 389
354 390
355 349
355 350
355 351
355 352
355 353
355 354
355 356
355 357
355 358
355 359
355 360
355 390
356 315
356 340
356 342
356 350
356 351
356 352
356 353
356 354
356 355
356 357
356 358
356 359
356 360
357 281
357 313
357 314
357 315
357 316
357 317
357 340
357 341
357 342
357 351
357 352
357 353
357 354
357 355
357 356
357 358
357 359
357 360
357 361
357 362
357 363
358 281
358 313
358 315
358 352
358 353
358 354
358 355
358 356
358 357
358 359
358 360
358 361
358 362
358 363
359 281
359 313
359 314
359 315
359 354
359 355
359 356
359 357
359 358
359 360
359 361
359 362
359 363
360 281
360 282
360 283
360 312
360 313
360 314
360 315
360 316
360 339
360 340
360 354
360 355
360 356
360 357
360 358
360 359
360 361
360 362
360 363
361 278
361 279
361 280
361 281
361 282
361 283
361 305
361 306
361 311
361 312
361 313
361 314
361 315
361 357
361 358
361 359
361 360
361 362
361 363
362 278
362 280
362 281
362 282
362 283
362 284
362 301
362 302
362 305
362 306
362 312
362 313
362 314
362 315
362 316
362 357
362 358
362 359
362 360
362 361
362 363
362 364
362 365
363 281
363 282
363 283
363 284
363 285
363 302
363 305
363 312
363 313
363 314
363 315
363 316
363 317
363 340
363 341
363 353
363 354
363 357
363 358
363 359
363 360
363 361
363 362
363 364
363 365
363 366
363 392
364 282
364 283
364 284
364 285
364 286
364 298
364 299
364 301
364 302
364 305
364 314
364 315
364 316
364 317
364 318
364 341
364 354
364 362
364 363
364 365
364 366
364 367
364 392
364 393
365 283
365 284
365 285
365 286
365 287
365 294
365 295
365 298
365 315
365 316
365 317
365 318
365 319
365 320
365 341
365 342
365 343
365 344
365 350
365 354
365 362
365 363
365 364
365 366
365 367
365 392
365 393
365 394
365 395
366 284
366 285
366 286
366 287
366 294
366 295
366 296
366 297
366 298
366 299
366 316
366 317
366 318
366 319
366 320
366 327
366 330
366 343
366 363
366 364
366 365
366 367
366 368
366 369
367 285
367 286
367 287
367 288
367 289
367 294
367 295
367 298
367 317
367 318
367 319
367 320
367 321
367 344
367 364
367 365
367 366
367 368
367 369
367 370
367 381
368 286
368 287
368 288
368 289
368 290
368 294
368 295
368 318
368 319
368 320
368 321
368 322
368 323
368 326
368 327
368 366
368 367
368 369
368 370
368 371
368 377
368 378
368 380
368 381
369 286
369 287
369 288
369 289
369 290
369 291
369 292
369 293
369 294
369 295
369 319
369 320
369 322
369 323
369 366
369 367
369 368
369 370
369 371
369 372
369 377
369 378
370 287
370 288
370 289
370 290
370 291
370 367
370 368
370 369
370 371
370 372
370 373
370 374
370 375
370 376
370 377
370 378
370 381
371 288
371 289
371 290
371 291
371 368
371 369
371 370
371 372
371 373
371 374
371 375
371 376
371 377
371 378
371 410
371 413
372 288
372 289
372 290
372 369
372 370
372 371
372 373
372 374
372 375
372 377
372 378
372 406
372 409
372 410
372 411
372 412
372 413
372 414
373 289
373 370
373 371
373 372
373 374
373 375
373 376
373 377
373 378
373 409
373 410
373 413
373 414
374 289
374 370
374 371
374 372
374 373
374 375
374 376
374 377
374 378
374 379
374 413
375 370
375 371
375 372
375 373
375 374
375 376
375 377
375 378
375 379
375 380
375 381
375 413
375 414
376 370
376 371
376 373
376 374
376 375
376 377
376 378
376 379
376 380
376 381
376 382
377 368
377 369
377 370
377 371
377 372
377 373
377 374
377 375
377 376
377 378
377 379
377 380
377 381
377 382
377 383
378 287
378 288
378 368
378 369
378 370
378 371
378 372
378 373
378 374
378 375
378 376
378 377
378 379
378 380
378 381
378 382
378 383
378 413
378 414
378 416
378 417
379 374
379 375
379 376
379 377
379 378
379 380
379 381
379 382
379 383
379 384
379 385
379 414
379 416
379 417
380 346
380 347
380 368
380 375
380 376
380 377
380 378
380 379
380 381
380 382
380 383
380 384
380 385
380 386
381 285
381 287
381 319
381 347
381 367
381 368
381 370
381 375
381 376
381 377
381 378
381 379
381 380
381 382
381 383
381 384
381 385
381 386
381 414
381 417
382 347
382 376
382 377
382 378
382 379
382 380
382 381
382 383
382 384
382 385
382 386
382 387
382 414
382 416
382 417
382 418
383 346
383 347
383 348
383 377
383 378
383 379
383 380
383 381
383 382
383 384
383 385
383 386
383 387
383 388
383 417
384 319
384 344
384 345
384 346
384 347
384 348
384 349
384 350
384 351
384 379
384 380
384 381
384 382
384 383
384 385
384 386
384 387
384 388
385 285
385 347
385 350
385 351
385 379
385 380
385 381
385 382
385 383
385 384
385 386
385 387
385 388
385 389
385 390
385 391
385 392
385 394
385 417
385 418
386 347
386 348
386 380
386 381
386 382
386 383
386 384
386 385
386 387
386 388
386 389
386 390
386 417
387 346
387 347
387 348
387 349
387 350
387 351
387 382
387 383
387 384
387 385
387 386
387 388
387 389
387 390
388 347
388 348
388 349
388 350
388 351
388 352
388 354
388 383
388 384
388 385
388 386
388 387
388 389
388 390
388 391
388 392
389 350
389 351
389 354
389 385
389 386
389 387
389 388
389 390
389 391
389 392
390 281
390 282
390 283
390 350
390 351
390 354
390 355
390 385
390 386
390 387
390 388
390 389
390 391
390 392
390 393
391 281
391 282
391 283
391 284
391 385
391 388
391 389
391 390
391 392
391 393
391 394
392 281
392 282
392 283
392 284
392 285
392 363
392 364
392 365
392 385
392 388
392 389
392 390
392 391
392 393
392 394
392 395
392 418
392 420
393 282
393 283
393 284
393 285
393 286
393 364
393 365
393 390
393 391
393 392
393 394
393 395
393 396
393 418
393 419
393 420
393 421
394 283
394 284
394 285
394 286
394 287
394 365
394 385
394 391
394 392
394 393
394 395
394 396
394 397
394 417
394 418
394 419
394 420
394 421
394 422
395 284
395 285
395 286
395 287
395 288
395 294
395 365
395 392
395 393
395 394
395 396
395 397
395 398
395 417
395 418
395 419
395 420
395 421
395 422
395 423
395 446
395 447
395 448
395 449
396 285
396 286
396 287
396 288
396 289
396 294
396 393
396 394
396 395
396 397
396 398
396 410
396 411
396 414
396 415
396 417
396 418
396 419
396 420
396 421
396 422
396 423
396 424
396 445
396 447
396 448
397 285
397 286
397 287
397 288
397 289
397 290
397 292
397 293
397 294
397 297
397 394
397 395
397 396
397 398
397 399
397 400
397 410
397 411
397 421
397 422
397 423
397 424
397 425
397 449
397 450
397 451
398 287
398 288
398 289
398 290
398 291
398 292
398 293
398 294
398 395
398 396
398 397
398 399
398 400
398 401
398 402
398 407
398 410
398 411
398 422
398 423
398 424
398 425
398 426
398 436
399 288
399 289
399 291
399 292
399 293
399 397
399 398
399 400
399 401
399 402
399 403
399 407
399 423
399 424
399 425
399 426
399 427
399 429
399 430
399 436
399 450
399 451
400 292
400 397
400 398
400 399
400 401
400 402
400 403
400 404
400 407
400 423
400 424
400 425
400 426
400 427
400 428
400 429
400 430
400 431
400 432
400 433
400 434
400 435
400 436
400 450
400 451
400 452
401 292
401 398
401 399
401 400
401 402
401 403
401 404
401 407
401 424
401 425
401 426
401 427
401 428
401 429
401 430
401 431
401 432
401 433
401 435
401 436
402 292
402 398
402 399
402 400
402 401
402 403
402 404
402 405
402 406
402 407
402 408
402 410
402 426
402 430
402 433
402 435
402 436
403 230
403 399
403 400
403 401
403 402
403 404
403 405
403 406
403 407
403 408
403 434
403 435
403 436
403 439
404 230
404 231
404 232
404 400
404 401
404 402
404 403
404 405
404 406
404 407
404 408
404 409
404 410
404 434
404 435
404 436
404 437
404 438
404 439
405 402
405 403
405 404
405 406
405 407
405 408
405 409
405 410
405 411
405 435
405 439
406 372
406 402
406 403
406 404
406 405
406 407
406 408
406 409
406 410
406 411
406 412
407 398
407 399
407 400
407 401
407 402
407 403
407 404
407 405
407 406
407 408
407 409
407 410
407 411
407 412
407 413
407 435
407 436
407 438
407 439
408 402
408 403
408 404
408 405
408 406
408 407
408 409
408 410
408 411
408 412
408 413
408 414
408 415
408 435
408 438
408 439
408 440
408 442
408 443
409 372
409 373
409 404
409 405
409 406
409 407
409 408
409 410
409 411
409 412
409 413
409 414
409 415
410 288
410 289
410 371
410 372
410 373
410 396
410 397
410 398
410 402
410 404
410 405
410 406
410 407
410 408
410 409
410 411
410 412
410 413
410 414
410 415
411 288
411 372
411 396
411 397
411 398
411 405
411 406
411 407
411 408
411 409
411 410
411 412
411 413
411 414
411 415
411 416
411 419
411 422
411 439
411 443
412 372
412 406
412 407
412 408
412 409
412 410
412 411
412 413
412 414
412 415
412 416
412 443
413 288
413 371
413 372
413 373
413 374
413 375
413 378
413 407
413 408
413 409
413 410
413 411
413 412
413 414
413 415
413 416
413 417
414 287
414 288
414 289
414 372
414 373
414 375
414 378
414 379
414 381
414 382
414 396
414 408
414 409
414 410
414 411
414 412
414 413
414 415
414 416
414 417
414 418
414 419
415 396
415 408
415 409
415 410
415 411
415 412
415 413
415 414
415 416
415 417
415 418
415 419
415 420
415 443
416 378
416 379
416 382
416 411
416 412
416 413
416 414
416 415
416 417
416 418
416 419
417 287
417 378
417 379
417 381
417 382
417 383
417 385
417 386
417 394
417 395
417 396
417 413
417 414
417 415
417 416
417 418
417 419
417 420
418 382
418 385
418 392
418 393
418 394
418 395
418 396
418 414
418 415
418 416
418 417
418 419
418 420
418 421
419 285
419 286
419 287
419 393
419 394
419 395
419 396
419 411
419 414
419 415
419 416
419 417
419 418
419 420
419 421
419 422
419 445
419 446
420 273
420 284
420 285
420 392
420 393
420 394
420 395
420 396
420 415
420 417
420 418
420 419
420 421
420 422
420 445
420 446
420 447
420 448
421 271
421 272
421 273
421 286
421 393
421 394
421 395
421 396
421 397
421 418
421 419
421 420
421 422
421 423
421 424
421 444
421 445
421 446
421 447
421 448
421 449
422 272
422 273
422 286
422 287
422 288
422 394
422 395
422 396
422 397
422 398
422 411
422 419
422 420
422 421
422 423
422 424
422 425
422 439
422 440
422 443
422 445
422 446
422 447
422 448
422 449
422 450
422 463
423 286
423 287
423 288
423 292
423 293
423 294
423 297
423 395
423 396
423 397
423 398
423 399
423 400
423 421
423 422
423 424
423 425
423 446
423 447
423 448
423 449
423 450
423 451
423 462
423 463
424 292
424 293
424 297
424 396
424 397
424 398
424 399
424 400
424 401
424 421
424 422
424 423
424 425
424 426
424 427
424 436
424 447
424 448
424 449
424 450
424 451
424 452
424 463
425 292
425 293
425 294
425 296
425 297
425 397
425 398
425 399
425 400
425 401
425 422
425 423
425 424
425 426
425 427
425 428
425 429
425 449
425 450
425 451
425 452
425 453
425 454
425 459
425 460
426 292
426 293
426 398
426 399
426 400
426 401
426 402
426 424
426 425
426 427
426 428
426 429
426 430
426 450
426 451
426 452
426 453
426 454
426 459
427 399
427 400
427 401
427 424
427 425
427 426
427 428
427 429
427 430
427 431
427 432
427 433
427 450
427 451
427 452
427 453
427 454
427 459
427 471
427 476
427 477
427 478
428 400
428 401
428 425
428 426
428 427
428 429
428 430
428 431
428 451
428 452
428 453
428 454
428 459
428 476
428 477
428 478
429 399
429 400
429 401
429 425
429 426
429 427
429 428
429 430
429 431
429 432
429 452
429 453
429 476
430 399
430 400
430 401
430 402
430 426
430 427
430 428
430 429
430 431
430 432
430 433
430 475
430 476
431 228
431 229
431 230
431 400
431 401
431 427
431 428
431 429
431 430
431 432
431 433
431 434
431 471
431 472
431 474
431 475
431 476
431 477
432 226
432 227
432 228
432 229
432 230
432 231
432 400
432 401
432 427
432 429
432 430
432 431
432 433
432 434
432 435
432 436
432 471
432 472
432 473
432 474
432 475
432 476
433 226
433 228
433 229
433 230
433 231
433 400
433 401
433 402
433 427
433 430
433 431
433 432
433 434
433 435
433 436
433 437
433 438
433 468
433 469
433 470
433 471
433 472
433 473
433 475
433 476
434 226
434 227
434 228
434 229
434 230
434 231
434 232
434 235
434 236
434 400
434 403
434 404
434 431
434 432
434 433
434 435
434 436
434 437
434 438
434 439
434 440
434 468
434 469
434 471
434 472
434 473
435 229
435 230
435 231
435 232
435 400
435 401
435 402
435 403
435 404
435 405
435 407
435 408
435 432
435 433
435 434
435 436
435 437
435 438
435 439
435 440
435 441
435 472
436 229
436 230
436 231
436 398
436 399
436 400
436 401
436 402
436 403
436 404
436 407
436 424
436 432
436 433
436 434
436 435
436 437
436 438
436 439
436 440
436 441
436 442
436 468
436 472
437 229
437 230
437 231
437 232
437 235
437 266
437 269
437 270
437 404
437 433
437 434
437 435
437 436
437 438
437 439
437 440
437 441
437 442
437 465
437 468
437 469
437 472
438 230
438 231
438 232
438 233
438 234
438 235
438 236
438 270
438 404
438 407
438 408
438 433
438 434
438 435
438 436
438 437
438 439
438 440
438 441
438 442
438 443
438 444
439 231
439 232
439 403
439 404
439 405
439 407
439 408
439 411
439 422
439 434
439 435
439 436
439 437
439 438
439 440
439 441
439 442
439 443
439 444
439 445
440 269
440 270
440 271
440 272
440 408
440 422
440 434
440 435
440 436
440 437
440 438
440 439
440 441
440 442
440 443
440 444
440 445
440 446
440 447
441 235
441 266
441 269
441 270
441 271
441 435
441 436
441 437
441 438
441 439
441 440
441 442
441 443
441 444
441 445
441 446
442 235
442 408
442 436
442 437
442 438
442 439
442 440
442 441
442 443
442 444
442 445
443 408
443 411
443 412
443 415
443 422
443 438
443 439
443 440
443 441
443 442
443 444
443 445
443 446
444 269
444 270
444 271
444 272
444 421
444 438
444 439
444 440
444 441
444 442
444 443
444 445
444 446
444 447
445 270
445 271
445 272
445 273
445 396
445 419
445 420
445 421
445 422
445 439
445 440
445 441
445 442
445 443
445 444
445 446
445 447
445 448
446 270
446 271
446 272
446 273
446 274
446 395
446 419
446 420
446 421
446 422
446 423
446 440
446 441
446 443
446 444
446 445
446 447
446 448
446 449
446 463
446 465
447 270
447 271
447 272
447 273
447 274
447 395
447 396
447 420
447 421
447 422
447 423
447 424
447 440
447 444
447 445
447 446
447 448
447 449
447 450
447 462
447 463
447 464
447 465
447 468
448 271
448 272
448 273
448 274
448 275
448 395
448 396
448 420
448 421
448 422
448 423
448 424
448 445
448 446
448 447
448 449
448 450
448 461
448 462
448 463
448 464
449 272
449 273
449 274
449 275
449 297
449 301
449 395
449 397
449 421
449 422
449 423
449 424
449 425
449 446
449 447
449 448
449 450
449 451
449 452
449 460
449 461
449 462
449 463
449 464
450 297
450 397
450 399
450 400
450 422
450 423
450 424
450 425
450 426
450 427
450 447
450 448
450 449
450 451
450 452
450 453
450 459
450 460
450 461
450 462
450 463
450 464
450 467
450 468
451 293
451 296
451 297
451 300
451 301
451 397
451 399
451 400
451 423
451 424
451 425
451 426
451 427
451 428
451 449
451 450
451 452
451 453
451 454
451 455
451 456
451 457
451 458
451 459
451 460
451 461
451 462
451 463
452 400
452 424
452 425
452 426
452 427
452 428
452 429
452 449
452 450
452 451
452 453
452 454
452 455
452 458
452 459
452 460
452 461
452 476
452 477
452 478
453 297
453 425
453 426
453 427
453 428
453 429
453 450
453 451
453 452
453 454
453 455
453 456
453 457
453 458
453 459
453 460
453 478
454 293
454 296
454 297
454 300
454 425
454 426
454 427
454 428
454 451
454 452
454 453
454 455
454 456
454 457
454 458
454 459
454 460
455 31
455 296
455 297
455 300
455 451
455 452
455 453
455 454
455 456
455 457
455 458
455 459
455 460
456 30
456 31
456 296
456 297
456 298
456 299
456 300
456 301
456 303
456 304
456 333
456 451
456 453
456 454
456 455
456 457
456 458
456 459
456 460
457 31
457 296
457 297
457 298
457 299
457 300
457 301
457 302
457 303
457 304
457 307
457 333
457 451
457 453
457 454
457 455
457 456
457 458
457 459
457 460
458 31
458 33
458 300
458 303
458 304
458 451
458 452
458 453
458 454
458 455
458 456
458 457
458 459
458 460
458 461
459 297
459 300
459 425
459 426
459 427
459 428
459 450
459 451
459 452
459 453
459 454
459 455
459 456
459 457
459 458
459 460
459 461
459 478
460 297
460 300
460 301
460 303
460 304
460 425
460 449
460 450
460 451
460 452
460 453
460 454
460 455
460 456
460 457
460 458
460 459
460 461
460 462
460 463
461 300
461 301
461 304
461 448
461 449
461 450
461 451
461 452
461 458
461 459
461 460
461 462
461 463
461 464
461 467
462 272
462 273
462 274
462 275
462 423
462 447
462 448
462 449
462 450
462 451
462 460
462 461
462 463
462 464
462 465
462 467
463 271
463 272
463 273
463 274
463 275
463 422
463 423
463 424
463 446
463 447
463 448
463 449
463 450
463 451
463 460
463 461
463 462
463 464
463 465
463 466
463 467
463 468
464 267
464 270
464 271
464 272
464 273
464 274
464 447
464 448
464 449
464 450
464 461
464 462
464 463
464 465
464 466
464 467
464 468
464 469
465 263
465 264
465 266
465 267
465 268
465 269
465 270
465 271
465 272
465 273
465 437
465 446
465 447
465 462
465 463
465 464
465 466
465 467
465 468
465 469
465 470
465 471
466 263
466 264
466 266
466 267
466 268
466 270
466 272
466 463
466 464
466 465
466 467
466 468
466 469
466 470
466 471
466 472
467 267
467 450
467 461
467 462
467 463
467 464
467 465
467 466
467 468
467 469
467 470
467 471
467 472
467 476
467 481
468 266
468 267
468 270
468 433
468 434
468 436
468 437
468 447
468 450
468 463
468 464
468 465
468 466
468 467
468 469
468 470
468 471
468 472
468 473
468 474
468 475
468 476
469 226
469 262
469 263
469 264
469 265
469 266
469 267
469 270
469 433
469 434
469 437
469 464
469 465
469 466
469 467
469 468
469 470
469 471
469 472
469 473
469 474
469 475
470 263
470 266
470 267
470 433
470 465
470 466
470 467
470 468
470 469
470 471
470 472
470 473
470 474
470 475
470 476
470 481
471 229
471 427
471 431
471 432
471 433
471 434
471 465
471 466
471 467
471 468
471 469
471 470
471 472
471 473
471 474
471 475
471 476
471 477
471 481
472 225
472 226
472 227
472 228
472 229
472 230
472 231
472 263
472 266
472 431
472 432
472 433
472 434
472 435
472 436
472 437
472 466
472 467
472 468
472 469
472 470
472 471
472 473
472 474
472 475
472 476
473 222
473 223
473 224
473 225
473 226
473 227
473 228
473 229
473 259
473 263
473 432
473 433
473 434
473 468
473 469
473 470
473 471
473 472
473 474
473 475
473 476
474 225
474 226
474 228
474 229
474 431
474 432
474 468
474 469
474 470
474 471
474 472
474 473
474 475
474 476
474 477
475 225
475 228
475 229
475 430
475 431
475 432
475 433
475 468
475 469
475 470
475 471
475 472
475 473
475 474
475 476
475 477
476 427
476 428
476 429
476 430
476 431
476 432
476 433
476 452
476 467
476 468
476 470
476 471
476 472
476 473
476 474
476 475
476 477
476 478
476 479
476 480
476 481
477 427
477 428
477 431
477 452
477 471
477 474
477 475
477 476
477 478
477 479
477 480
477 481
477 482
478 427
478 428
478 452
478 453
478 459
478 476
478 477
478 479
478 480
478 481
478 482
479 476
479 477
479 478
479 480
479 481
479 482
479 483
480 476
480 477
480 478
480 479
480 481
480 482
480 483
481 467
481 470
481 471
481 476
481 477
481 478
481 479
481 480
481 482
481 483
482 477
482 478
482 479
482 480
482 481
482 483
483 37
483 479
483 480
483 481
483 482
